8.750014e-03
1.125002e-02
1.125002e-02
1.062502e-02
1.250002e-02
5.625009e-03
-5.000008e-03
-1.375002e-02
-2.312504e-02
-2.687504e-02
-2.812504e-02
-2.875004e-02
-3.062505e-02
-2.750004e-02
-1.437502e-02
-2.500004e-03
5.000008e-03
8.750014e-03
8.750014e-03
6.250010e-03
8.750014e-03
1.062502e-02
1.000002e-02
1.000002e-02
1.000002e-02
1.000002e-02
1.000002e-02
1.312502e-02
1.062502e-02
1.250002e-02
1.937503e-02
2.500004e-02
2.750004e-02
3.000005e-02
3.187505e-02
2.750004e-02
3.062505e-02
2.375004e-02
1.875003e-02
7.500012e-03
-4.375007e-03
-5.625009e-03
-7.500012e-03
-5.000008e-03
-1.000002e-02
-1.125002e-02
-1.625003e-02
-2.250004e-02
-2.875004e-02
-3.062505e-02
-2.937505e-02
-3.000005e-02
-2.937505e-02
-2.937505e-02
-2.250004e-02
-1.562502e-02
-1.187502e-02
-1.312502e-02
-1.375002e-02
-1.375002e-02
-1.187502e-02
-1.125002e-02
-1.375002e-02
-1.250002e-02
-1.375002e-02
-1.312502e-02
-1.062502e-02
-1.312502e-02
-1.062502e-02
-4.375007e-03
5.000008e-03
1.875003e-02
2.500004e-02
2.812504e-02
2.625004e-02
2.812504e-02
2.875004e-02
2.500004e-02
2.125003e-02
1.562502e-02
1.437502e-02
1.250002e-02
1.000002e-02
1.187502e-02
1.375002e-02
9.375015e-03
8.750014e-03
1.875003e-03
-5.000008e-03
-7.500012e-03
-1.000002e-02
-8.750014e-03
-6.875011e-03
-5.000008e-03
-2.500004e-03
4.375007e-03
6.875011e-03
9.375015e-03
1.000002e-02
8.750014e-03
1.000002e-02
1.375002e-02
1.125002e-02
1.062502e-02
1.312502e-02
1.062502e-02
1.187502e-02
9.375015e-03
1.187502e-02
1.625003e-02
2.000003e-02
2.562504e-02
3.000005e-02
3.250005e-02
2.875004e-02
2.937505e-02
3.125005e-02
2.812504e-02
1.875003e-02
6.875011e-03
-1.875003e-03
-6.250010e-03
-7.500012e-03
-6.250010e-03
-7.500012e-03
-6.875011e-03
-2.500004e-03
2.500004e-03
8.125013e-03
9.375015e-03
8.750014e-03
8.750014e-03
1.125002e-02
6.875011e-03
-1.875003e-03
-1.375002e-02
-2.312504e-02
-2.875004e-02
-3.062505e-02
-3.187505e-02
-3.375005e-02
-3.125005e-02
-3.562506e-02
-3.187505e-02
-3.187505e-02
-3.437505e-02
-3.250005e-02
-3.437505e-02
-3.062505e-02
-2.562504e-02
-6.250010e-03
1.187502e-02
2.000003e-02
2.562504e-02
2.500004e-02
2.625004e-02
2.875004e-02
2.875004e-02
2.187503e-02
1.500002e-02
1.250002e-02
1.562502e-02
1.437502e-02
1.312502e-02
1.437502e-02
8.125013e-03
8.125013e-03
1.250002e-03
-5.000008e-03
-7.500012e-03
-1.125002e-02
-9.375015e-03
-1.062502e-02
-1.500002e-02
-1.875003e-02
-2.250004e-02
-3.125005e-02
-3.187505e-02
-3.125005e-02
-3.125005e-02
-3.125005e-02
-3.125005e-02
-2.250004e-02
-1.562502e-02
-1.437502e-02
-1.437502e-02
-1.625003e-02
-1.625003e-02
-1.187502e-02
-5.000008e-03
3.125005e-03
1.687503e-02
2.750004e-02
2.562504e-02
2.875004e-02
3.000005e-02
3.000005e-02
2.187503e-02
5.000008e-03
-9.375015e-03
-2.625004e-02
-2.625004e-02
-3.062505e-02
-3.187505e-02
-2.875004e-02
-2.562504e-02
-1.312502e-02
-6.250010e-04
5.625009e-03
3.750006e-03
7.500012e-03
7.500012e-03
8.750014e-03
3.750006e-03
-6.250010e-03
-1.812503e-02
-2.750004e-02
-2.687504e-02
-3.062505e-02
-3.250005e-02
-3.187505e-02
-2.375004e-02
-1.437502e-02
-6.250010e-04
4.375007e-03
4.375007e-03
6.250010e-03
6.250010e-03
8.750014e-03
7.500012e-03
9.375015e-03
8.125013e-03
9.375015e-03
8.750014e-03
1.187502e-02
1.187502e-02
7.500012e-03
1.000002e-02
6.875011e-03
1.250002e-03
-6.250010e-03
-1.000002e-02
-1.187502e-02
-1.125002e-02
-1.375002e-02
-1.625003e-02
-2.000003e-02
-2.750004e-02
-3.187505e-02
-3.125005e-02
-3.187505e-02
-3.375005e-02
-2.937505e-02
-2.875004e-02
-2.312504e-02
-1.500002e-02
-1.312502e-02
-1.312502e-02
-1.375002e-02
-1.312502e-02
-1.187502e-02
-1.312502e-02
-1.250002e-02
-1.187502e-02
-1.437502e-02
-1.500002e-02
-1.437502e-02
-1.125002e-02
-1.437502e-02
-1.187502e-02
-1.250002e-02
-1.125002e-02
-1.187502e-02
-1.250002e-02
-1.062502e-02
-1.312502e-02
-7.500012e-03
-7.500012e-03
3.750006e-03
1.750003e-02
2.500004e-02
2.812504e-02
2.625004e-02
2.937505e-02
2.812504e-02
1.937503e-02
7.500012e-03
-8.125013e-03
-2.437504e-02
-2.562504e-02
-2.687504e-02
-2.937505e-02
-2.875004e-02
-2.375004e-02
-1.187502e-02
-1.875003e-03
3.125005e-03
6.250010e-03
8.750014e-03
8.750014e-03
7.500012e-03
9.375015e-03
1.000002e-02
6.875011e-03
1.187502e-02
1.000002e-02
1.000002e-02
1.312502e-02
1.187502e-02
1.437502e-02
2.000003e-02
2.562504e-02
2.937505e-02
3.062505e-02
2.875004e-02
3.125005e-02
3.062505e-02
3.000005e-02
2.937505e-02
3.125005e-02
3.437505e-02
3.312505e-02
3.000005e-02
2.937505e-02
3.250005e-02
2.687504e-02
1.875003e-02
6.875011e-03
-1.250002e-03
-5.625009e-03
-5.625009e-03
-6.250010e-03
-8.125013e-03
-1.312502e-02
-1.812503e-02
-2.187503e-02
-3.187505e-02
-3.062505e-02
-3.250005e-02
-3.375005e-02
-3.375005e-02
-3.062505e-02
-2.250004e-02
-1.687503e-02
-1.312502e-02
-1.250002e-02
-9.375015e-03
-1.062502e-02
-7.500012e-03
-1.875003e-03
6.875011e-03
1.875003e-02
2.875004e-02
3.062505e-02
2.875004e-02
3.187505e-02
3.187505e-02
2.750004e-02
2.375004e-02
1.687503e-02
1.187502e-02
1.312502e-02
1.125002e-02
1.187502e-02
9.375015e-03
1.375002e-02
2.125003e-02
2.500004e-02
3.187505e-02
3.187505e-02
3.000005e-02
3.062505e-02
3.312505e-02
2.937505e-02
2.000003e-02
9.375015e-03
-1.250002e-03
-8.750014e-03
-7.500012e-03
-7.500012e-03
-1.125002e-02
-7.500012e-03
-6.250010e-04
5.625009e-03
6.875011e-03
1.000002e-02
1.000002e-02
1.062502e-02
1.375002e-02
1.187502e-02
1.187502e-02
1.000002e-02
1.000002e-02
1.125002e-02
1.062502e-02
9.375015e-03
8.125013e-03
6.875011e-03
5.000008e-03
-6.250010e-04
-5.625009e-03
-6.875011e-03
-1.125002e-02
-1.062502e-02
-6.875011e-03
-9.375015e-03
-3.125005e-03
5.000008e-03
6.875011e-03
8.125013e-03
9.375015e-03
1.000002e-02
1.187502e-02
1.062502e-02
1.062502e-02
1.250002e-02
1.125002e-02
1.250002e-02
1.187502e-02
1.062502e-02
1.062502e-02
1.000002e-02
8.125013e-03
6.250010e-04
-5.000008e-03
-8.125013e-03
-8.125013e-03
-8.750014e-03
-1.000002e-02
-1.437502e-02
-2.000003e-02
-2.500004e-02
-3.250005e-02
-3.500005e-02
-3.312505e-02
-3.250005e-02
-3.250005e-02
-2.062503e-02
-5.000008e-03
1.375002e-02
2.437504e-02
2.562504e-02
2.750004e-02
2.687504e-02
2.937505e-02
2.000003e-02
6.875011e-03
-1.125002e-02
-2.375004e-02
-2.687504e-02
-2.937505e-02
-3.125005e-02
-3.187505e-02
-3.375005e-02
-3.312505e-02
-3.250005e-02
-3.250005e-02
-3.125005e-02
-3.562506e-02
-3.375005e-02
-3.000005e-02
-2.062503e-02
-3.750006e-03
1.062502e-02
2.375004e-02
2.437504e-02
2.187503e-02
2.437504e-02
2.500004e-02
1.750003e-02
5.000008e-03
-1.000002e-02
-2.500004e-02
-2.687504e-02
-2.812504e-02
-3.000005e-02
-2.750004e-02
-2.437504e-02
-1.312502e-02
0
7.500012e-03
8.125013e-03
7.500012e-03
9.375015e-03
1.000002e-02
6.250010e-03
-3.750006e-03
-1.375002e-02
-2.500004e-02
-2.812504e-02
-2.937505e-02
-3.250005e-02
-3.375005e-02
-3.562506e-02
-3.437505e-02
-3.437505e-02
-3.625006e-02
-3.500005e-02
-3.687506e-02
-3.562506e-02
-3.250005e-02
-2.250004e-02
-5.625009e-03
1.125002e-02
2.437504e-02
2.562504e-02
2.687504e-02
2.500004e-02
2.875004e-02
2.062503e-02
4.375007e-03
-1.062502e-02
-2.375004e-02
-2.562504e-02
-3.187505e-02
-3.000005e-02
-3.125005e-02
-3.250005e-02
-3.375005e-02
-3.062505e-02
-3.187505e-02
-3.562506e-02
-3.437505e-02
-3.562506e-02
-3.062505e-02
-3.125005e-02
-2.375004e-02
-1.875003e-02
-1.625003e-02
-1.437502e-02
-1.437502e-02
-1.437502e-02
-1.437502e-02
-1.312502e-02
-1.312502e-02
-1.125002e-02
-1.250002e-02
-1.187502e-02
-1.437502e-02
-1.375002e-02
-1.062502e-02
-5.000008e-03
1.875003e-03
1.375002e-02
2.500004e-02
2.750004e-02
2.875004e-02
2.937505e-02
2.875004e-02
2.000003e-02
6.875011e-03
-1.062502e-02
-2.062503e-02
-2.812504e-02
-2.937505e-02
-3.000005e-02
-3.375005e-02
-3.125005e-02
-3.250005e-02
-3.437505e-02
-3.187505e-02
-3.312505e-02
-3.500005e-02
-3.562506e-02
-3.500005e-02
-2.125003e-02
-5.625009e-03
1.187502e-02
1.937503e-02
2.375004e-02
2.750004e-02
2.625004e-02
2.937505e-02
2.750004e-02
2.375004e-02
1.437502e-02
1.312502e-02
1.437502e-02
1.312502e-02
1.125002e-02
1.187502e-02
1.500002e-02
1.937503e-02
2.937505e-02
3.000005e-02
3.187505e-02
3.250005e-02
3.062505e-02
3.125005e-02
2.750004e-02
1.812503e-02
6.875011e-03
-2.500004e-03
-6.250010e-03
-5.000008e-03
-7.500012e-03
-9.375015e-03
-1.312502e-02
-1.687503e-02
-2.250004e-02
-2.875004e-02
-3.062505e-02
-3.375005e-02
-3.375005e-02
-3.000005e-02
-2.125003e-02
-5.000008e-03
1.187502e-02
2.250004e-02
2.625004e-02
2.687504e-02
2.812504e-02
2.875004e-02
1.937503e-02
4.375007e-03
-1.125002e-02
-2.375004e-02
-2.687504e-02
-3.000005e-02
-2.937505e-02
-3.187505e-02
-2.750004e-02
-1.562502e-02
-3.125005e-03
4.375007e-03
3.750006e-03
6.250010e-03
5.625009e-03
7.500012e-03
1.062502e-02
9.375015e-03
7.500012e-03
1.125002e-02
1.125002e-02
9.375015e-03
1.062502e-02
6.875011e-03
8.125013e-03
5.625009e-03
1.875003e-03
-3.750006e-03
-8.750014e-03
-8.750014e-03
-1.000002e-02
-7.500012e-03
-6.875011e-03
-1.250002e-03
5.000008e-03
8.750014e-03
1.000002e-02
8.125013e-03
1.000002e-02
9.375015e-03
5.000008e-03
-5.000008e-03
-1.875003e-02
-2.750004e-02
-2.937505e-02
-3.125005e-02
-3.125005e-02
-2.937505e-02
-3.250005e-02
-3.312505e-02
-3.187505e-02
-3.500005e-02
-3.500005e-02
-3.687506e-02
-3.750006e-02
-3.312505e-02
-3.375005e-02
-2.687504e-02
-1.812503e-02
-1.687503e-02
-1.375002e-02
-1.437502e-02
-1.375002e-02
-1.312502e-02
-8.125013e-03
1.875003e-03
1.250002e-02
2.312504e-02
2.562504e-02
2.437504e-02
2.750004e-02
3.000005e-02
2.187503e-02
6.875011e-03
-6.875011e-03
-1.937503e-02
-2.750004e-02
-2.875004e-02
-2.937505e-02
-2.937505e-02
-3.312505e-02
-3.500005e-02
-3.500005e-02
-3.500005e-02
-3.437505e-02
-3.500005e-02
-3.125005e-02
-3.312505e-02
-3.000005e-02
-2.312504e-02
-1.750003e-02
-1.312502e-02
-1.562502e-02
-1.375002e-02
-1.500002e-02
-1.312502e-02
-4.375007e-03
4.375007e-03
1.562502e-02
2.375004e-02
2.625004e-02
2.437504e-02
2.812504e-02
2.750004e-02
2.375004e-02
1.875003e-02
1.250002e-02
9.375015e-03
1.000002e-02
1.187502e-02
7.500012e-03
1.125002e-02
1.000002e-02
6.875011e-03
2.500004e-03
-5.625009e-03
-6.250010e-03
-8.750014e-03
-8.125013e-03
-9.375015e-03
-1.437502e-02
-1.937503e-02
-2.437504e-02
-3.062505e-02
-3.312505e-02
-3.250005e-02
-3.187505e-02
-3.062505e-02
-2.125003e-02
-3.750006e-03
1.312502e-02
2.437504e-02
2.875004e-02
3.000005e-02
2.812504e-02
3.000005e-02
3.062505e-02
2.312504e-02
1.750003e-02
1.250002e-02
1.250002e-02
1.250002e-02
8.125013e-03
8.125013e-03
5.625009e-03
2.500004e-03
0
-8.125013e-03
-6.875011e-03
-9.375015e-03
-9.375015e-03
-8.125013e-03
-6.250010e-03
-1.250002e-03
1.875003e-03
6.875011e-03
5.625009e-03
8.750014e-03
8.125013e-03
1.062502e-02
5.000008e-03
-3.750006e-03
-1.187502e-02
-2.625004e-02
-2.812504e-02
-3.125005e-02
-3.250005e-02
-3.125005e-02
-2.687504e-02
-1.875003e-02
-3.750006e-03
5.625009e-03
6.250010e-03
8.750014e-03
9.375015e-03
1.062502e-02
6.250010e-03
-2.500004e-03
-1.375002e-02
-2.875004e-02
-3.125005e-02
-3.062505e-02
-3.437505e-02
-3.312505e-02
-2.937505e-02
-1.687503e-02
-3.750006e-03
6.250010e-03
6.250010e-03
7.500012e-03
8.125013e-03
6.250010e-03
5.000008e-03
-6.250010e-03
-1.625003e-02
-2.875004e-02
-3.062505e-02
-3.187505e-02
-3.250005e-02
-3.187505e-02
-3.500005e-02
-3.250005e-02
-3.562506e-02
-3.375005e-02
-3.375005e-02
-3.625006e-02
-3.687506e-02
-3.375005e-02
-3.250005e-02
-2.875004e-02
-1.812503e-02
-1.500002e-02
-1.687503e-02
-1.500002e-02
-1.062502e-02
-1.312502e-02
-1.375002e-02
-1.187502e-02
-1.250002e-02
-1.250002e-02
-1.062502e-02
-1.250002e-02
-1.125002e-02
-1.250002e-02
-1.562502e-02
-1.375002e-02
-1.312502e-02
-1.312502e-02
-1.437502e-02
-1.312502e-02
-1.437502e-02
-1.437502e-02
-1.312502e-02
-1.250002e-02
-1.187502e-02
-1.250002e-02
-1.187502e-02
-1.250002e-02
-1.062502e-02
-1.125002e-02
-1.000002e-02
-1.062502e-02
-1.250002e-02
-1.312502e-02
-1.437502e-02
-1.375002e-02
-1.437502e-02
-1.062502e-02
-7.500012e-03
1.250002e-03
1.687503e-02
2.562504e-02
2.562504e-02
2.625004e-02
2.937505e-02
2.875004e-02
2.750004e-02
2.375004e-02
1.937503e-02
1.500002e-02
1.250002e-02
1.375002e-02
1.375002e-02
1.500002e-02
1.562502e-02
1.875003e-02
2.500004e-02
2.937505e-02
2.937505e-02
3.062505e-02
3.125005e-02
3.000005e-02
3.437505e-02
3.562506e-02
3.375005e-02
3.375005e-02
3.562506e-02
3.375005e-02
3.312505e-02
3.500005e-02
3.500005e-02
3.375005e-02
3.312505e-02
3.375005e-02
3.437505e-02
3.437505e-02
3.312505e-02
3.437505e-02
3.375005e-02
3.187505e-02
3.375005e-02
3.437505e-02
3.375005e-02
3.312505e-02
3.250005e-02
3.375005e-02
3.062505e-02
2.062503e-02
8.750014e-03
-3.125005e-03
-6.250010e-03
-5.625009e-03
-8.125013e-03
-8.125013e-03
-4.375007e-03
1.250002e-03
5.625009e-03
8.125013e-03
1.125002e-02
1.187502e-02
1.062502e-02
1.187502e-02
1.000002e-02
1.125002e-02
1.187502e-02
1.000002e-02
1.062502e-02
1.125002e-02
1.250002e-02
1.375002e-02
1.625003e-02
2.187503e-02
2.625004e-02
3.062505e-02
3.187505e-02
3.125005e-02
3.062505e-02
2.937505e-02
3.125005e-02
3.000005e-02
3.125005e-02
3.312505e-02
3.312505e-02
3.312505e-02
3.250005e-02
3.750006e-02
3.687506e-02
3.500005e-02
3.562506e-02
3.437505e-02
3.375005e-02
3.375005e-02
3.062505e-02
3.125005e-02
2.937505e-02
1.500002e-02
8.125013e-03
0
-3.750006e-03
-3.125005e-03
-6.250010e-03
-6.250010e-03
-1.187502e-02
-1.812503e-02
-2.312504e-02
-2.937505e-02
-3.312505e-02
-3.000005e-02
-3.062505e-02
-2.875004e-02
-1.875003e-02
-5.625009e-03
1.250002e-02
2.562504e-02
2.875004e-02
2.750004e-02
3.000005e-02
2.937505e-02
2.750004e-02
2.250004e-02
1.625003e-02
1.625003e-02
1.250002e-02
1.250002e-02
1.125002e-02
1.250002e-02
1.812503e-02
2.000003e-02
2.562504e-02
3.125005e-02
3.125005e-02
2.875004e-02
3.187505e-02
3.437505e-02
3.125005e-02
3.062505e-02
3.312505e-02
3.500005e-02
3.312505e-02
3.375005e-02
3.437505e-02
3.187505e-02
2.937505e-02
2.000003e-02
7.500012e-03
-3.125005e-03
-8.125013e-03
-8.750014e-03
-7.500012e-03
-7.500012e-03
-6.250010e-03
1.250002e-03
5.625009e-03
8.125013e-03
8.750014e-03
1.062502e-02
1.312502e-02
1.125002e-02
7.500012e-03
-3.125005e-03
-1.312502e-02
-2.187503e-02
-2.562504e-02
-2.750004e-02
-3.000005e-02
-3.062505e-02
-2.687504e-02
-1.500002e-02
-6.250010e-04
5.625009e-03
7.500012e-03
9.375015e-03
1.000002e-02
1.125002e-02
9.375015e-03
9.375015e-03
1.187502e-02
1.125002e-02
1.250002e-02
1.125002e-02
1.062502e-02
1.125002e-02
1.437502e-02
2.000003e-02
2.625004e-02
2.937505e-02
3.000005e-02
2.875004e-02
2.812504e-02
2.937505e-02
2.500004e-02
1.937503e-02
8.750014e-03
-1.250002e-03
-6.875011e-03
-6.250010e-03
-5.625009e-03
-8.125013e-03
-1.125002e-02
-2.000003e-02
-2.250004e-02
-2.750004e-02
-2.937505e-02
-3.125005e-02
-3.125005e-02
-2.812504e-02
-2.625004e-02
-2.000003e-02
-1.687503e-02
-1.125002e-02
-1.187502e-02
-1.187502e-02
-1.187502e-02
-1.437502e-02
-1.187502e-02
-1.437502e-02
-1.375002e-02
-1.500002e-02
-1.437502e-02
-1.250002e-02
-1.250002e-02
-9.375015e-03
-5.000008e-03
5.000008e-03
1.562502e-02
2.625004e-02
2.937505e-02
2.937505e-02
2.937505e-02
2.812504e-02
2.812504e-02
2.250004e-02
1.625003e-02
1.187502e-02
1.375002e-02
1.250002e-02
1.000002e-02
1.187502e-02
1.187502e-02
6.875011e-03
-6.250010e-04
-4.375007e-03
-8.750014e-03
-1.000002e-02
-1.125002e-02
-8.125013e-03
-5.625009e-03
-1.875003e-03
3.750006e-03
6.875011e-03
9.375015e-03
9.375015e-03
8.750014e-03
8.750014e-03
1.062502e-02
1.000002e-02
9.375015e-03
1.187502e-02
1.187502e-02
1.125002e-02
1.250002e-02
1.125002e-02
1.437502e-02
2.125003e-02
2.625004e-02
3.187505e-02
3.250005e-02
3.000005e-02
3.000005e-02
3.187505e-02
2.687504e-02
1.875003e-02
6.250010e-03
-3.750006e-03
-5.000008e-03
-7.500012e-03
-7.500012e-03
-8.125013e-03
-4.375007e-03
0
4.375007e-03
7.500012e-03
1.000002e-02
1.000002e-02
9.375015e-03
8.750014e-03
3.125005e-03
-1.250002e-03
-1.375002e-02
-2.562504e-02
-2.812504e-02
-2.875004e-02
-3.125005e-02
-3.250005e-02
-3.250005e-02
-3.312505e-02
-3.250005e-02
-2.937505e-02
-3.312505e-02
-3.437505e-02
-3.250005e-02
-3.312505e-02
-2.125003e-02
-7.500012e-03
1.000002e-02
2.312504e-02
2.437504e-02
2.437504e-02
2.875004e-02
3.062505e-02
2.750004e-02
2.125003e-02
1.687503e-02
1.312502e-02
1.250002e-02
1.375002e-02
1.250002e-02
1.375002e-02
1.000002e-02
6.875011e-03
1.250002e-03
-5.000008e-03
-8.125013e-03
-9.375015e-03
-1.000002e-02
-1.000002e-02
-1.500002e-02
-2.187503e-02
-2.312504e-02
-3.000005e-02
-3.062505e-02
-3.187505e-02
-3.125005e-02
-3.125005e-02
-3.000005e-02
-2.437504e-02
-1.750003e-02
-1.187502e-02
-1.437502e-02
-1.437502e-02
-1.500002e-02
-1.125002e-02
-5.625009e-03
2.500004e-03
1.437502e-02
2.500004e-02
2.812504e-02
2.750004e-02
3.062505e-02
3.125005e-02
2.125003e-02
3.750006e-03
-1.062502e-02
-2.437504e-02
-2.687504e-02
-2.937505e-02
-2.875004e-02
-2.875004e-02
-2.500004e-02
-1.625003e-02
-3.750006e-03
6.875011e-03
4.375007e-03
8.125013e-03
7.500012e-03
7.500012e-03
5.625009e-03
-5.625009e-03
-1.687503e-02
-2.625004e-02
-2.812504e-02
-2.750004e-02
-3.125005e-02
-3.187505e-02
-2.375004e-02
-1.437502e-02
-2.500004e-03
3.750006e-03
6.875011e-03
6.250010e-03
6.250010e-03
7.500012e-03
8.125013e-03
7.500012e-03
7.500012e-03
1.125002e-02
8.125013e-03
9.375015e-03
9.375015e-03
1.000002e-02
9.375015e-03
6.875011e-03
-6.250010e-04
-7.500012e-03
-8.125013e-03
-1.062502e-02
-8.750014e-03
-1.250002e-02
-1.812503e-02
-2.187503e-02
-2.625004e-02
-3.250005e-02
-3.250005e-02
-3.312505e-02
-3.500005e-02
-2.812504e-02
-2.687504e-02
-2.187503e-02
-1.500002e-02
-1.187502e-02
-1.312502e-02
-1.437502e-02
-1.125002e-02
-1.250002e-02
-1.250002e-02
-1.437502e-02
-1.375002e-02
-1.125002e-02
-1.000002e-02
-1.250002e-02
-1.312502e-02
-1.000002e-02
-1.500002e-02
-1.187502e-02
-1.062502e-02
-1.187502e-02
-1.000002e-02
-1.250002e-02
-1.000002e-02
-9.375015e-03
-5.000008e-03
4.375007e-03
1.687503e-02
2.562504e-02
2.625004e-02
2.812504e-02
2.750004e-02
2.750004e-02
2.250004e-02
6.875011e-03
-9.375015e-03
-2.312504e-02
-2.625004e-02
-2.625004e-02
-2.937505e-02
-2.687504e-02
-2.375004e-02
-1.375002e-02
-3.125005e-03
5.625009e-03
6.875011e-03
4.375007e-03
8.750014e-03
8.750014e-03
1.062502e-02
8.750014e-03
1.000002e-02
1.250002e-02
9.375015e-03
1.250002e-02
1.250002e-02
1.187502e-02
1.312502e-02
1.937503e-02
2.562504e-02
3.250005e-02
3.125005e-02
2.812504e-02
3.187505e-02
3.187505e-02
3.312505e-02
3.125005e-02
3.187505e-02
3.375005e-02
3.312505e-02
3.375005e-02
3.312505e-02
3.312505e-02
2.812504e-02
2.062503e-02
1.000002e-02
-1.250002e-03
-6.250010e-03
-6.250010e-03
-5.625009e-03
-9.375015e-03
-1.312502e-02
-1.500002e-02
-2.375004e-02
-3.250005e-02
-3.250005e-02
-3.312505e-02
-3.375005e-02
-3.375005e-02
-3.125005e-02
-2.375004e-02
-2.000003e-02
-1.375002e-02
-1.125002e-02
-1.187502e-02
-1.062502e-02
-8.750014e-03
-1.875003e-03
3.750006e-03
1.750003e-02
2.687504e-02
2.937505e-02
2.937505e-02
3.000005e-02
3.187505e-02
2.687504e-02
2.312504e-02
1.562502e-02
1.250002e-02
1.250002e-02
1.187502e-02
1.125002e-02
1.187502e-02
1.250002e-02
2.125003e-02
3.000005e-02
2.937505e-02
3.062505e-02
3.187505e-02
3.000005e-02
3.062505e-02
2.875004e-02
1.812503e-02
7.500012e-03
-3.750006e-03
-6.250010e-03
-9.375015e-03
-9.375015e-03
-6.875011e-03
-7.500012e-03
-1.875003e-03
4.375007e-03
8.125013e-03
6.875011e-03
9.375015e-03
1.250002e-02
1.125002e-02
1.250002e-02
1.250002e-02
1.187502e-02
1.000002e-02
1.125002e-02
1.250002e-02
9.375015e-03
8.125013e-03
5.625009e-03
2.500004e-03
1.250002e-03
-6.875011e-03
-1.000002e-02
-8.125013e-03
-8.750014e-03
-1.125002e-02
-8.750014e-03
-6.250010e-04
4.375007e-03
5.625009e-03
8.750014e-03
1.000002e-02
8.750014e-03
1.250002e-02
9.375015e-03
1.000002e-02
1.250002e-02
1.125002e-02
1.187502e-02
1.000002e-02
8.750014e-03
1.000002e-02
1.000002e-02
5.625009e-03
6.250010e-04
-6.250010e-03
-6.875011e-03
-6.250010e-03
-9.375015e-03
-8.750014e-03
-1.375002e-02
-2.062503e-02
-2.562504e-02
-3.000005e-02
-3.187505e-02
-3.375005e-02
-3.250005e-02
-2.875004e-02
-2.250004e-02
-4.375007e-03
1.312502e-02
2.562504e-02
2.812504e-02
2.687504e-02
2.937505e-02
2.687504e-02
1.875003e-02
5.625009e-03
-7.500012e-03
-2.375004e-02
-3.000005e-02
-2.750004e-02
-3.125005e-02
-3.125005e-02
-3.500005e-02
-3.312505e-02
-3.312505e-02
-3.375005e-02
-3.312505e-02
-3.687506e-02
-3.437505e-02
-3.000005e-02
-1.875003e-02
-4.375007e-03
1.250002e-02
2.312504e-02
2.625004e-02
2.750004e-02
2.437504e-02
2.625004e-02
2.125003e-02
6.250010e-03
-1.187502e-02
-2.375004e-02
-3.000005e-02
-2.937505e-02
-3.000005e-02
-2.875004e-02
-2.250004e-02
-1.250002e-02
-6.250010e-04
6.875011e-03
1.000002e-02
5.000008e-03
8.750014e-03
1.062502e-02
1.875003e-03
-6.875011e-03
-1.812503e-02
-2.625004e-02
-2.812504e-02
-3.062505e-02
-3.187505e-02
-3.437505e-02
-3.375005e-02
-3.312505e-02
-3.500005e-02
-3.437505e-02
-3.625006e-02
-3.562506e-02
-3.437505e-02
-3.125005e-02
-2.062503e-02
-5.625009e-03
1.000002e-02
2.250004e-02
2.562504e-02
2.687504e-02
2.812504e-02
2.437504e-02
2.062503e-02
6.250010e-03
-1.062502e-02
-2.437504e-02
-2.687504e-02
-2.812504e-02
-3.062505e-02
-3.125005e-02
-3.125005e-02
-3.062505e-02
-3.437505e-02
-3.250005e-02
-3.500005e-02
-3.687506e-02
-3.500005e-02
-3.000005e-02
-3.062505e-02
-2.625004e-02
-1.625003e-02
-1.500002e-02
-1.500002e-02
-1.625003e-02
-1.625003e-02
-1.312502e-02
-1.125002e-02
-1.375002e-02
-1.187502e-02
-1.125002e-02
-1.375002e-02
-1.625003e-02
-1.250002e-02
-1.187502e-02
-8.750014e-03
3.750006e-03
1.375002e-02
2.437504e-02
2.625004e-02
2.750004e-02
2.875004e-02
2.937505e-02
2.000003e-02
8.125013e-03
-8.750014e-03
-2.187503e-02
-2.375004e-02
-2.937505e-02
-3.062505e-02
-3.250005e-02
-3.250005e-02
-3.312505e-02
-3.187505e-02
-3.250005e-02
-3.562506e-02
-3.437505e-02
-3.187505e-02
-3.125005e-02
-2.312504e-02
-5.000008e-03
1.062502e-02
2.437504e-02
2.625004e-02
2.500004e-02
2.750004e-02
2.812504e-02
2.750004e-02
2.375004e-02
1.812503e-02
1.250002e-02
1.312502e-02
1.187502e-02
1.125002e-02
1.125002e-02
1.375002e-02
1.812503e-02
2.562504e-02
3.187505e-02
3.187505e-02
3.125005e-02
3.187505e-02
3.187505e-02
2.562504e-02
1.875003e-02
4.375007e-03
-4.375007e-03
-3.750006e-03
-8.750014e-03
-1.062502e-02
-9.375015e-03
-1.187502e-02
-1.812503e-02
-2.312504e-02
-2.875004e-02
-3.250005e-02
-3.187505e-02
-3.000005e-02
-3.125005e-02
-2.312504e-02
-1.875003e-03
1.062502e-02
2.312504e-02
2.625004e-02
2.625004e-02
3.125005e-02
2.687504e-02
1.875003e-02
6.250010e-03
-8.750014e-03
-2.312504e-02
-2.687504e-02
-2.625004e-02
-3.062505e-02
-2.937505e-02
-2.375004e-02
-1.437502e-02
-3.750006e-03
6.250010e-03
6.875011e-03
4.375007e-03
8.750014e-03
1.062502e-02
1.062502e-02
8.750014e-03
9.375015e-03
1.187502e-02
1.062502e-02
8.125013e-03
8.750014e-03
1.062502e-02
7.500012e-03
6.875011e-03
-1.250002e-03
-6.875011e-03
-8.750014e-03
-1.062502e-02
-9.375015e-03
-9.375015e-03
-6.250010e-03
-3.750006e-03
4.375007e-03
9.375015e-03
1.000002e-02
9.375015e-03
9.375015e-03
8.125013e-03
3.750006e-03
-3.750006e-03
-1.687503e-02
-2.625004e-02
-2.937505e-02
-2.812504e-02
-3.062505e-02
-3.000005e-02
-3.187505e-02
-3.312505e-02
-3.062505e-02
-3.187505e-02
-3.625006e-02
-3.562506e-02
-3.562506e-02
-3.562506e-02
-3.187505e-02
-2.937505e-02
-1.812503e-02
-1.437502e-02
-1.375002e-02
-1.437502e-02
-1.375002e-02
-1.000002e-02
-8.125013e-03
1.875003e-03
1.375002e-02
2.375004e-02
2.625004e-02
3.000005e-02
2.875004e-02
2.750004e-02
2.187503e-02
8.750014e-03
-6.875011e-03
-2.062503e-02
-2.500004e-02
-2.750004e-02
-3.125005e-02
-3.375005e-02
-3.312505e-02
-3.500005e-02
-3.500005e-02
-3.437505e-02
-3.437505e-02
-3.500005e-02
-3.437505e-02
-3.125005e-02
-3.000005e-02
-2.500004e-02
-1.687503e-02
-1.375002e-02
-1.312502e-02
-1.500002e-02
-1.437502e-02
-1.125002e-02
-6.875011e-03
5.625009e-03
1.562502e-02
2.500004e-02
2.937505e-02
2.625004e-02
2.625004e-02
2.875004e-02
2.625004e-02
1.875003e-02
1.500002e-02
1.000002e-02
1.062502e-02
1.187502e-02
1.375002e-02
1.125002e-02
9.375015e-03
8.750014e-03
1.250002e-03
-5.000008e-03
-6.875011e-03
-7.500012e-03
-1.125002e-02
-9.375015e-03
-1.312502e-02
-2.250004e-02
-2.750004e-02
-3.062505e-02
-3.250005e-02
-3.312505e-02
-3.250005e-02
-3.312505e-02
-2.062503e-02
-5.625009e-03
1.312502e-02
2.562504e-02
2.750004e-02
2.937505e-02
3.062505e-02
3.125005e-02
2.750004e-02
2.562504e-02
1.625003e-02
1.437502e-02
1.312502e-02
8.750014e-03
9.375015e-03
8.125013e-03
6.250010e-03
3.750006e-03
1.875003e-03
-8.125013e-03
-8.750014e-03
-8.750014e-03
-1.125002e-02
-6.875011e-03
-5.000008e-03
1.250002e-03
5.000008e-03
6.250010e-03
8.750014e-03
1.000002e-02
9.375015e-03
9.375015e-03
3.750006e-03
-3.125005e-03
-1.125002e-02
-2.500004e-02
-2.750004e-02
-2.875004e-02
-3.250005e-02
-3.250005e-02
-2.937505e-02
-1.937503e-02
-3.750006e-03
3.750006e-03
5.000008e-03
7.500012e-03
7.500012e-03
1.000002e-02
3.125005e-03
-4.375007e-03
-1.687503e-02
-2.937505e-02
-3.062505e-02
-3.250005e-02
-3.312505e-02
-3.375005e-02
-3.125005e-02
-1.875003e-02
-3.125005e-03
3.125005e-03
7.500012e-03
6.875011e-03
6.250010e-03
8.125013e-03
4.375007e-03
-3.125005e-03
-1.750003e-02
-2.437504e-02
-3.000005e-02
-3.250005e-02
-3.250005e-02
-3.250005e-02
-3.125005e-02
-3.312505e-02
-3.062505e-02
-3.312505e-02
-3.437505e-02
-3.562506e-02
-3.437505e-02
-3.625006e-02
-3.312505e-02
-2.562504e-02
-2.250004e-02
-1.500002e-02
-1.625003e-02
-1.375002e-02
-1.375002e-02
-1.250002e-02
-1.312502e-02
-1.375002e-02
-1.000002e-02
-1.437502e-02
-1.250002e-02
-1.250002e-02
-1.250002e-02
-1.437502e-02
-1.500002e-02
-1.500002e-02
-1.500002e-02
-1.375002e-02
-1.625003e-02
-1.250002e-02
-1.437502e-02
-1.312502e-02
-1.250002e-02
-1.187502e-02
-1.000002e-02
-1.125002e-02
-1.000002e-02
-1.250002e-02
-1.187502e-02
-1.000002e-02
-1.000002e-02
-1.062502e-02
-1.125002e-02
-1.000002e-02
-1.187502e-02
-1.312502e-02
-1.375002e-02
-1.187502e-02
-5.625009e-03
2.500004e-03
1.500002e-02
2.437504e-02
2.687504e-02
2.625004e-02
2.812504e-02
2.937505e-02
2.687504e-02
2.500004e-02
1.812503e-02
1.500002e-02
1.562502e-02
1.375002e-02
1.187502e-02
1.187502e-02
1.437502e-02
1.875003e-02
2.500004e-02
2.937505e-02
3.125005e-02
3.000005e-02
3.000005e-02
3.187505e-02
3.312505e-02
3.125005e-02
3.437505e-02
3.625006e-02
3.625006e-02
3.375005e-02
3.187505e-02
3.500005e-02
3.437505e-02
3.375005e-02
3.250005e-02
3.437505e-02
3.500005e-02
3.250005e-02
3.375005e-02
3.375005e-02
3.437505e-02
3.375005e-02
3.187505e-02
3.375005e-02
3.625006e-02
3.375005e-02
3.187505e-02
3.625006e-02
3.187505e-02
2.000003e-02
8.750014e-03
-1.250002e-03
-5.000008e-03
-6.250010e-03
-6.250010e-03
-8.125013e-03
-6.250010e-03
1.250002e-03
6.875011e-03
1.125002e-02
1.125002e-02
1.250002e-02
1.125002e-02
1.312502e-02
1.312502e-02
1.062502e-02
1.187502e-02
1.062502e-02
1.187502e-02
1.187502e-02
1.062502e-02
9.375015e-03
1.625003e-02
2.000003e-02
2.437504e-02
3.062505e-02
3.000005e-02
3.125005e-02
2.812504e-02
3.125005e-02
3.250005e-02
3.250005e-02
3.375005e-02
3.187505e-02
3.250005e-02
3.250005e-02
3.625006e-02
3.750006e-02
3.562506e-02
3.437505e-02
3.500005e-02
3.562506e-02
3.562506e-02
3.375005e-02
3.375005e-02
3.250005e-02
2.812504e-02
2.062503e-02
6.250010e-03
-6.250010e-04
-1.875003e-03
-6.250010e-03
-6.875011e-03
-7.500012e-03
-1.000002e-02
-1.500002e-02
-2.375004e-02
-2.937505e-02
-3.125005e-02
-3.312505e-02
-3.250005e-02
-2.937505e-02
-2.000003e-02
-3.750006e-03
1.250002e-02
2.312504e-02
2.812504e-02
2.875004e-02
2.750004e-02
2.750004e-02
2.750004e-02
2.062503e-02
1.625003e-02
1.500002e-02
1.187502e-02
1.312502e-02
1.312502e-02
1.250002e-02
1.187502e-02
2.125003e-02
2.687504e-02
2.875004e-02
3.125005e-02
3.000005e-02
3.562506e-02
3.187505e-02
3.312505e-02
3.562506e-02
3.375005e-02
3.750006e-02
3.625006e-02
3.500005e-02
3.375005e-02
3.437505e-02
2.875004e-02
1.937503e-02
1.062502e-02
-2.500004e-03
-6.875011e-03
-8.125013e-03
-7.500012e-03
-8.750014e-03
-6.250010e-03
6.250010e-04
4.375007e-03
1.000002e-02
1.000002e-02
1.125002e-02
1.125002e-02
9.375015e-03
7.500012e-03
-1.250002e-03
-1.250002e-02
-2.375004e-02
-2.625004e-02
-2.875004e-02
-3.062505e-02
-2.875004e-02
-2.625004e-02
-1.500002e-02
-3.125005e-03
5.000008e-03
6.875011e-03
7.500012e-03
8.125013e-03
1.000002e-02
1.250002e-02
1.125002e-02
1.250002e-02
1.062502e-02
1.125002e-02
1.062502e-02
1.062502e-02
1.375002e-02
1.375002e-02
1.875003e-02
2.562504e-02
3.125005e-02
3.062505e-02
2.812504e-02
2.875004e-02
3.125005e-02
2.875004e-02
1.937503e-02
9.375015e-03
-6.250010e-04
-3.125005e-03
-6.250010e-03
-6.250010e-03
-8.125013e-03
-1.312502e-02
-1.562502e-02
-2.187503e-02
-2.875004e-02
-3.125005e-02
-2.937505e-02
-3.250005e-02
-2.875004e-02
-2.562504e-02
-2.437504e-02
-1.562502e-02
-1.250002e-02
-1.375002e-02
-1.500002e-02
-1.375002e-02
-1.500002e-02
-1.312502e-02
-1.187502e-02
-1.562502e-02
-1.500002e-02
-1.250002e-02
-1.125002e-02
-1.375002e-02
-1.187502e-02
-3.750006e-03
1.875003e-03
1.812503e-02
2.812504e-02
2.875004e-02
2.875004e-02
2.937505e-02
3.125005e-02
2.375004e-02
2.187503e-02
1.812503e-02
1.500002e-02
1.375002e-02
1.187502e-02
1.187502e-02
1.250002e-02
1.250002e-02
8.125013e-03
5.000008e-03
-6.250010e-03
-8.750014e-03
-6.250010e-03
-8.750014e-03
-8.750014e-03
-6.250010e-03
-6.250010e-04
4.375007e-03
7.500012e-03
7.500012e-03
1.000002e-02
8.125013e-03
1.000002e-02
1.125002e-02
1.000002e-02
1.000002e-02
1.062502e-02
1.125002e-02
7.500012e-03
1.062502e-02
1.000002e-02
1.312502e-02
1.875003e-02
2.750004e-02
3.000005e-02
3.000005e-02
3.187505e-02
3.062505e-02
3.187505e-02
2.625004e-02
1.625003e-02
5.625009e-03
-1.875003e-03
-5.625009e-03
-6.875011e-03
-6.250010e-03
-7.500012e-03
-6.875011e-03
6.250010e-04
5.625009e-03
8.750014e-03
9.375015e-03
8.125013e-03
1.062502e-02
1.000002e-02
6.875011e-03
-2.500004e-03
-1.437502e-02
-2.500004e-02
-2.750004e-02
-2.750004e-02
-3.125005e-02
-3.250005e-02
-3.312505e-02
-3.437505e-02
-3.125005e-02
-3.062505e-02
-3.500005e-02
-3.312505e-02
-3.375005e-02
-3.187505e-02
-2.375004e-02
-6.875011e-03
1.000002e-02
2.125003e-02
2.437504e-02
2.687504e-02
2.750004e-02
2.625004e-02
2.937505e-02
2.000003e-02
1.562502e-02
1.375002e-02
1.312502e-02
1.250002e-02
1.000002e-02
1.375002e-02
1.062502e-02
8.750014e-03
1.250002e-03
-6.250010e-03
-8.125013e-03
-9.375015e-03
-8.750014e-03
-1.250002e-02
-1.437502e-02
-1.812503e-02
-2.562504e-02
-3.187505e-02
-3.000005e-02
-3.000005e-02
-3.437505e-02
-3.187505e-02
-3.187505e-02
-2.375004e-02
-1.625003e-02
-1.312502e-02
-1.437502e-02
-1.625003e-02
-1.250002e-02
-1.312502e-02
-5.000008e-03
1.250002e-03
1.437502e-02
2.625004e-02
2.750004e-02
3.187505e-02
2.875004e-02
2.937505e-02
2.375004e-02
8.125013e-03
-9.375015e-03
-2.437504e-02
-2.625004e-02
-2.875004e-02
-3.000005e-02
-3.062505e-02
-2.750004e-02
-1.437502e-02
-2.500004e-03
6.250010e-03
6.250010e-03
9.375015e-03
8.750014e-03
6.875011e-03
3.750006e-03
-5.625009e-03
-1.375002e-02
-2.625004e-02
-3.000005e-02
-3.000005e-02
-2.937505e-02
-3.125005e-02
-2.562504e-02
-1.312502e-02
-2.500004e-03
5.625009e-03
6.875011e-03
7.500012e-03
5.000008e-03
7.500012e-03
7.500012e-03
8.750014e-03
8.125013e-03
1.000002e-02
1.062502e-02
8.750014e-03
1.125002e-02
1.125002e-02
1.250002e-02
5.625009e-03
-3.125005e-03
-6.875011e-03
-1.000002e-02
-1.312502e-02
-1.375002e-02
-1.312502e-02
-1.687503e-02
-2.312504e-02
-2.875004e-02
-3.125005e-02
-3.250005e-02
-3.312505e-02
-3.312505e-02
-3.062505e-02
-2.875004e-02
-2.000003e-02
-1.500002e-02
-1.250002e-02
-9.375015e-03
-1.250002e-02
-1.375002e-02
-1.500002e-02
-1.375002e-02
-1.187502e-02
-1.250002e-02
-1.250002e-02
-1.062502e-02
-1.187502e-02
-1.562502e-02
-1.125002e-02
-1.125002e-02
-1.375002e-02
-1.125002e-02
-1.125002e-02
-1.125002e-02
-1.187502e-02
-1.062502e-02
-1.187502e-02
-6.250010e-03
5.625009e-03
1.562502e-02
2.562504e-02
2.812504e-02
2.625004e-02
2.875004e-02
2.937505e-02
2.062503e-02
9.375015e-03
-8.750014e-03
-2.125003e-02
-2.562504e-02
-2.750004e-02
-2.812504e-02
-2.750004e-02
-2.375004e-02
-1.625003e-02
-1.250002e-03
5.000008e-03
6.250010e-03
8.125013e-03
5.625009e-03
8.125013e-03
1.000002e-02
1.000002e-02
1.000002e-02
8.750014e-03
1.062502e-02
1.000002e-02
8.750014e-03
1.125002e-02
1.312502e-02
1.937503e-02
2.750004e-02
3.062505e-02
2.937505e-02
3.000005e-02
3.000005e-02
3.062505e-02
3.250005e-02
3.187505e-02
3.125005e-02
3.187505e-02
3.312505e-02
3.312505e-02
3.437505e-02
3.375005e-02
3.000005e-02
2.000003e-02
8.750014e-03
6.250010e-04
-3.125005e-03
-5.625009e-03
-6.875011e-03
-9.375015e-03
-1.375002e-02
-1.750003e-02
-2.500004e-02
-3.187505e-02
-3.312505e-02
-3.312505e-02
-3.562506e-02
-3.250005e-02
-3.000005e-02
-2.500004e-02
-1.625003e-02
-1.687503e-02
-1.312502e-02
-1.000002e-02
-9.375015e-03
-8.750014e-03
-4.375007e-03
5.625009e-03
1.625003e-02
2.875004e-02
3.062505e-02
2.625004e-02
2.687504e-02
2.937505e-02
2.500004e-02
2.062503e-02
1.812503e-02
1.187502e-02
1.187502e-02
1.125002e-02
9.375015e-03
1.312502e-02
1.625003e-02
2.062503e-02
2.875004e-02
3.000005e-02
3.125005e-02
3.187505e-02
3.312505e-02
3.312505e-02
2.875004e-02
2.375004e-02
8.125013e-03
-1.875003e-03
-6.875011e-03
-5.625009e-03
-7.500012e-03
-8.750014e-03
-6.250010e-03
-2.500004e-03
5.000008e-03
6.875011e-03
1.062502e-02
9.375015e-03
1.187502e-02
1.250002e-02
1.437502e-02
1.312502e-02
8.125013e-03
1.187502e-02
8.750014e-03
9.375015e-03
8.750014e-03
7.500012e-03
7.500012e-03
4.375007e-03
-2.500004e-03
-6.250010e-03
-7.500012e-03
-1.250002e-02
-1.187502e-02
-1.000002e-02
-6.875011e-03
-1.250002e-03
5.625009e-03
7.500012e-03
6.250010e-03
1.000002e-02
1.062502e-02
1.062502e-02
1.187502e-02
8.125013e-03
1.187502e-02
1.312502e-02
1.187502e-02
1.125002e-02
8.125013e-03
1.250002e-02
8.750014e-03
5.625009e-03
2.500004e-03
-5.625009e-03
-7.500012e-03
-1.000002e-02
-1.000002e-02
-9.375015e-03
-1.437502e-02
-1.937503e-02
-2.312504e-02
-3.000005e-02
-3.250005e-02
-3.312505e-02
-3.375005e-02
-2.937505e-02
-2.125003e-02
-3.750006e-03
1.437502e-02
2.437504e-02
2.875004e-02
2.812504e-02
3.125005e-02
2.937505e-02
2.062503e-02
6.875011e-03
-1.000002e-02
-2.437504e-02
-2.875004e-02
-2.812504e-02
-2.937505e-02
-3.062505e-02
-3.312505e-02
-3.312505e-02
-3.500005e-02
-3.375005e-02
-3.250005e-02
-3.375005e-02
-3.312505e-02
-3.125005e-02
-2.000003e-02
-3.750006e-03
1.250002e-02
2.375004e-02
2.687504e-02
2.812504e-02
2.562504e-02
2.500004e-02
1.937503e-02
5.625009e-03
-9.375015e-03
-2.500004e-02
-2.625004e-02
-2.625004e-02
-2.875004e-02
-2.812504e-02
-2.500004e-02
-1.437502e-02
-1.250002e-03
9.375015e-03
7.500012e-03
8.125013e-03
8.750014e-03
8.750014e-03
5.000008e-03
-5.000008e-03
-1.437502e-02
-2.625004e-02
-2.812504e-02
-3.062505e-02
-3.187505e-02
-3.125005e-02
-3.812506e-02
-3.687506e-02
-3.250005e-02
-3.687506e-02
-3.687506e-02
-3.625006e-02
-3.312505e-02
-3.250005e-02
-2.625004e-02
-6.250010e-03
1.000002e-02
1.937503e-02
2.437504e-02
3.125005e-02
2.562504e-02
2.375004e-02
1.937503e-02
6.875011e-03
-1.000002e-02
-2.625004e-02
-2.750004e-02
-3.062505e-02
-3.312505e-02
-3.125005e-02
-3.000005e-02
-3.375005e-02
-2.937505e-02
-3.125005e-02
-3.437505e-02
-3.375005e-02
-3.500005e-02
-3.062505e-02
-3.125005e-02
-2.562504e-02
-1.750003e-02
-1.562502e-02
-1.625003e-02
-1.437502e-02
-1.437502e-02
-1.250002e-02
-1.500002e-02
-1.562502e-02
-1.000002e-02
-1.187502e-02
-1.250002e-02
-1.312502e-02
-1.312502e-02
-1.187502e-02
-7.500012e-03
1.250002e-03
1.375002e-02
2.500004e-02
2.750004e-02
2.875004e-02
2.812504e-02
2.875004e-02
2.000003e-02
7.500012e-03
-8.125013e-03
-2.250004e-02
-2.687504e-02
-2.937505e-02
-3.125005e-02
-3.312505e-02
-3.375005e-02
-3.437505e-02
-3.437505e-02
-3.437505e-02
-3.312505e-02
-3.500005e-02
-3.437505e-02
-2.812504e-02
-2.187503e-02
-8.750014e-03
1.125002e-02
2.437504e-02
2.500004e-02
2.750004e-02
2.750004e-02
2.875004e-02
2.812504e-02
2.312504e-02
1.812503e-02
1.250002e-02
1.312502e-02
1.250002e-02
1.375002e-02
1.000002e-02
1.375002e-02
2.312504e-02
2.625004e-02
3.000005e-02
3.125005e-02
3.062505e-02
3.125005e-02
3.312505e-02
2.750004e-02
2.000003e-02
5.000008e-03
-4.375007e-03
-5.625009e-03
-9.375015e-03
-9.375015e-03
-1.000002e-02
-1.375002e-02
-2.062503e-02
-2.437504e-02
-2.875004e-02
-2.875004e-02
-3.062505e-02
-3.187505e-02
-3.250005e-02
-2.312504e-02
-6.250010e-03
6.875011e-03
2.000003e-02
2.500004e-02
2.812504e-02
2.500004e-02
2.500004e-02
2.125003e-02
7.500012e-03
-7.500012e-03
-2.187503e-02
-2.500004e-02
-2.750004e-02
-3.000005e-02
-3.000005e-02
-2.625004e-02
-1.437502e-02
-1.250002e-03
6.875011e-03
6.875011e-03
5.000008e-03
6.875011e-03
1.125002e-02
8.125013e-03
1.187502e-02
1.062502e-02
8.750014e-03
1.250002e-02
9.375015e-03
1.062502e-02
9.375015e-03
8.750014e-03
3.750006e-03
6.250010e-04
-5.625009e-03
-1.125002e-02
-8.750014e-03
-1.125002e-02
-8.125013e-03
-5.625009e-03
6.250010e-04
6.875011e-03
8.125013e-03
7.500012e-03
6.875011e-03
8.750014e-03
7.500012e-03
3.125005e-03
-5.000008e-03
-1.625003e-02
-2.937505e-02
-2.937505e-02
-3.000005e-02
-3.187505e-02
-3.000005e-02
-3.125005e-02
-3.250005e-02
-3.250005e-02
-3.125005e-02
-3.375005e-02
-3.437505e-02
-3.437505e-02
-3.562506e-02
-3.187505e-02
-2.375004e-02
-1.875003e-02
-1.312502e-02
-1.125002e-02
-1.375002e-02
-1.437502e-02
-1.437502e-02
-7.500012e-03
1.875003e-03
1.250002e-02
2.187503e-02
2.625004e-02
2.687504e-02
2.687504e-02
2.937505e-02
2.187503e-02
1.000002e-02
-7.500012e-03
-2.312504e-02
-2.500004e-02
-2.812504e-02
-2.937505e-02
-3.187505e-02
-3.312505e-02
-3.375005e-02
-3.437505e-02
-3.562506e-02
-3.812506e-02
-3.500005e-02
-3.562506e-02
-3.250005e-02
-3.062505e-02
-2.437504e-02
-1.625003e-02
-1.375002e-02
-1.250002e-02
-1.375002e-02
-1.312502e-02
-1.375002e-02
-7.500012e-03
5.000008e-03
1.625003e-02
2.500004e-02
2.812504e-02
2.625004e-02
2.812504e-02
2.875004e-02
2.562504e-02
2.062503e-02
1.250002e-02
1.125002e-02
1.125002e-02
1.062502e-02
7.500012e-03
1.062502e-02
1.187502e-02
8.125013e-03
2.500004e-03
-5.625009e-03
-6.250010e-03
-8.125013e-03
-1.062502e-02
-1.062502e-02
-1.312502e-02
-2.125003e-02
-2.687504e-02
-3.000005e-02
-3.250005e-02
-3.312505e-02
-3.500005e-02
-3.062505e-02
-2.062503e-02
-4.375007e-03
1.250002e-02
2.437504e-02
2.687504e-02
2.687504e-02
3.125005e-02
3.000005e-02
2.812504e-02
2.125003e-02
1.687503e-02
1.375002e-02
1.125002e-02
9.375015e-03
7.500012e-03
8.750014e-03
4.375007e-03
3.125005e-03
-2.500004e-03
-8.125013e-03
-6.875011e-03
-1.062502e-02
-8.750014e-03
-6.250010e-03
-5.000008e-03
-6.250010e-04
1.875003e-03
6.875011e-03
9.375015e-03
7.500012e-03
9.375015e-03
1.000002e-02
6.250010e-03
-1.250002e-03
-1.187502e-02
-2.562504e-02
-3.000005e-02
-3.062505e-02
-3.312505e-02
-3.125005e-02
-2.937505e-02
-1.875003e-02
-3.750006e-03
3.125005e-03
5.000008e-03
9.375015e-03
8.750014e-03
1.000002e-02
7.500012e-03
-6.250010e-03
-1.687503e-02
-2.937505e-02
-3.000005e-02
-3.187505e-02
-3.500005e-02
-3.250005e-02
-2.937505e-02
-1.937503e-02
-5.000008e-03
7.500012e-03
6.250010e-03
1.000002e-02
8.125013e-03
5.625009e-03
5.625009e-03
-5.000008e-03
-1.750003e-02
-2.875004e-02
-3.125005e-02
-3.187505e-02
-3.250005e-02
-3.187505e-02
-3.375005e-02
-3.375005e-02
-3.125005e-02
-3.312505e-02
-3.375005e-02
-3.375005e-02
-3.562506e-02
-3.312505e-02
-3.187505e-02
-2.750004e-02
-2.000003e-02
-1.625003e-02
-1.562502e-02
-1.625003e-02
-1.312502e-02
-1.187502e-02
-1.250002e-02
-9.375015e-03
-1.375002e-02
-1.312502e-02
-1.125002e-02
-1.250002e-02
-1.187502e-02
-1.250002e-02
-1.437502e-02
-1.687503e-02
-1.375002e-02
-1.562502e-02
-1.562502e-02
-1.437502e-02
-1.437502e-02
-1.375002e-02
-1.125002e-02
-1.250002e-02
-1.125002e-02
-1.000002e-02
-1.375002e-02
-1.062502e-02
-1.062502e-02
-9.375015e-03
-1.000002e-02
-1.000002e-02
-1.250002e-02
-1.250002e-02
-1.187502e-02
-1.312502e-02
-1.250002e-02
-1.375002e-02
-8.125013e-03
6.250010e-04
1.375002e-02
2.312504e-02
2.750004e-02
2.500004e-02
2.812504e-02
3.062505e-02
2.500004e-02
2.062503e-02
2.000003e-02
1.500002e-02
1.250002e-02
1.562502e-02
1.125002e-02
1.437502e-02
1.625003e-02
2.125003e-02
2.625004e-02
3.062505e-02
3.312505e-02
2.875004e-02
3.125005e-02
3.250005e-02
3.250005e-02
3.375005e-02
3.437505e-02
3.312505e-02
3.562506e-02
3.375005e-02
3.375005e-02
3.375005e-02
3.437505e-02
3.375005e-02
3.250005e-02
3.437505e-02
3.312505e-02
3.312505e-02
3.250005e-02
3.375005e-02
3.312505e-02
3.312505e-02
3.312505e-02
3.312505e-02
3.250005e-02
3.312505e-02
3.312505e-02
3.375005e-02
3.250005e-02
2.062503e-02
1.062502e-02
-6.250010e-04
-6.250010e-03
-7.500012e-03
-8.125013e-03
-6.875011e-03
-6.250010e-03
1.250002e-03
7.500012e-03
7.500012e-03
9.375015e-03
1.000002e-02
1.187502e-02
1.250002e-02
1.312502e-02
1.500002e-02
1.125002e-02
1.250002e-02
1.187502e-02
9.375015e-03
1.187502e-02
1.500002e-02
1.500002e-02
2.000003e-02
2.750004e-02
3.062505e-02
3.250005e-02
3.000005e-02
3.062505e-02
3.125005e-02
3.250005e-02
3.250005e-02
3.250005e-02
3.312505e-02
3.375005e-02
3.500005e-02
3.312505e-02
3.500005e-02
3.625006e-02
3.875006e-02
3.500005e-02
3.375005e-02
3.375005e-02
3.375005e-02
3.437505e-02
3.250005e-02
2.750004e-02
1.750003e-02
8.750014e-03
-1.875003e-03
-2.500004e-03
-3.750006e-03
-7.500012e-03
-8.125013e-03
-1.187502e-02
-1.625003e-02
-2.312504e-02
-2.937505e-02
-3.312505e-02
-2.937505e-02
-3.125005e-02
-3.000005e-02
-2.000003e-02
-5.625009e-03
1.437502e-02
2.500004e-02
2.687504e-02
2.875004e-02
2.875004e-02
2.812504e-02
2.750004e-02
2.375004e-02
1.687503e-02
1.375002e-02
1.437502e-02
1.062502e-02
1.312502e-02
1.375002e-02
1.375002e-02
2.000003e-02
2.500004e-02
3.000005e-02
3.250005e-02
3.187505e-02
3.000005e-02
3.187505e-02
3.312505e-02
3.437505e-02
3.250005e-02
3.250005e-02
3.562506e-02
3.437505e-02
3.562506e-02
3.312505e-02
3.000005e-02
2.125003e-02
8.125013e-03
-3.750006e-03
-7.500012e-03
-8.125013e-03
-7.500012e-03
-6.875011e-03
-5.625009e-03
6.250010e-04
6.875011e-03
9.375015e-03
8.125013e-03
1.312502e-02
1.187502e-02
1.062502e-02
6.875011e-03
-3.750006e-03
-1.187502e-02
-2.250004e-02
-2.750004e-02
-2.812504e-02
-3.000005e-02
-3.062505e-02
-2.687504e-02
-1.750003e-02
-3.750006e-03
5.625009e-03
6.875011e-03
8.125013e-03
8.125013e-03
8.125013e-03
1.250002e-02
1.062502e-02
1.000002e-02
1.125002e-02
1.062502e-02
1.187502e-02
1.125002e-02
1.125002e-02
1.375002e-02
1.937503e-02
2.437504e-02
2.937505e-02
2.937505e-02
2.937505e-02
2.937505e-02
2.812504e-02
2.687504e-02
1.812503e-02
8.750014e-03
-1.875003e-03
-4.375007e-03
-7.500012e-03
-6.875011e-03
-6.250010e-03
-1.437502e-02
-1.437502e-02
-2.125003e-02
-2.937505e-02
-2.937505e-02
-2.812504e-02
-3.000005e-02
-2.875004e-02
-2.750004e-02
-2.250004e-02
-1.375002e-02
-1.437502e-02
-1.250002e-02
-1.437502e-02
-1.312502e-02
-1.250002e-02
-1.187502e-02
-1.062502e-02
-1.500002e-02
-1.125002e-02
-1.312502e-02
-1.375002e-02
-1.125002e-02
-1.062502e-02
-4.375007e-03
4.375007e-03
1.500002e-02
2.500004e-02
2.812504e-02
2.875004e-02
2.875004e-02
2.937505e-02
2.937505e-02
2.250004e-02
1.812503e-02
1.125002e-02
1.125002e-02
1.375002e-02
1.187502e-02
1.250002e-02
1.062502e-02
1.062502e-02
0
-5.000008e-03
-6.875011e-03
-1.125002e-02
-1.125002e-02
-6.250010e-03
-3.125005e-03
-2.500004e-03
6.250010e-03
8.125013e-03
1.000002e-02
1.125002e-02
1.062502e-02
1.187502e-02
8.125013e-03
8.750014e-03
1.187502e-02
1.187502e-02
1.187502e-02
1.125002e-02
1.000002e-02
1.437502e-02
1.687503e-02
2.125003e-02
2.750004e-02
3.062505e-02
3.125005e-02
3.000005e-02
3.062505e-02
2.937505e-02
2.437504e-02
1.562502e-02
6.250010e-03
-2.500004e-03
-6.875011e-03
-9.375015e-03
-9.375015e-03
-6.875011e-03
-5.625009e-03
6.250010e-04
3.125005e-03
6.875011e-03
8.125013e-03
7.500012e-03
1.125002e-02
6.875011e-03
5.000008e-03
0
-1.375002e-02
-2.500004e-02
-2.937505e-02
-2.937505e-02
-3.125005e-02
-3.312505e-02
-3.312505e-02
-3.312505e-02
-3.437505e-02
-3.250005e-02
-3.187505e-02
-3.312505e-02
-3.312505e-02
-3.312505e-02
-2.437504e-02
-8.750014e-03
9.375015e-03
2.437504e-02
2.625004e-02
2.375004e-02
3.000005e-02
3.062505e-02
2.937505e-02
2.375004e-02
1.750003e-02
1.312502e-02
1.250002e-02
1.312502e-02
1.062502e-02
1.312502e-02
1.062502e-02
7.500012e-03
1.875003e-03
-5.000008e-03
-6.250010e-03
-1.125002e-02
-1.125002e-02
-1.062502e-02
-1.312502e-02
-1.937503e-02
-2.500004e-02
-3.000005e-02
-3.187505e-02
-2.875004e-02
-3.000005e-02
-3.125005e-02
-2.875004e-02
-2.187503e-02
-1.812503e-02
-1.375002e-02
-1.375002e-02
-1.562502e-02
-1.312502e-02
-1.437502e-02
-6.875011e-03
3.750006e-03
1.500002e-02
2.500004e-02
2.875004e-02
2.812504e-02
2.875004e-02
3.312505e-02
2.312504e-02
8.125013e-03
-9.375015e-03
-2.125003e-02
-2.562504e-02
-2.937505e-02
-2.875004e-02
-3.062505e-02
-2.500004e-02
-1.437502e-02
-4.375007e-03
4.375007e-03
7.500012e-03
8.125013e-03
8.750014e-03
7.500012e-03
4.375007e-03
-5.625009e-03
-1.687503e-02
-2.375004e-02
-2.812504e-02
-3.187505e-02
-3.187505e-02
-2.812504e-02
-2.625004e-02
-1.500002e-02
-1.875003e-03
5.000008e-03
7.500012e-03
6.875011e-03
6.875011e-03
7.500012e-03
8.125013e-03
8.125013e-03
8.750014e-03
8.750014e-03
9.375015e-03
1.000002e-02
8.750014e-03
1.000002e-02
1.000002e-02
5.000008e-03
-1.875003e-03
-7.500012e-03
-8.125013e-03
-1.062502e-02
-1.125002e-02
-1.125002e-02
-1.562502e-02
-2.000003e-02
-2.625004e-02
-3.125005e-02
-3.187505e-02
-3.062505e-02
-3.312505e-02
-3.000005e-02
-2.625004e-02
-2.312504e-02
-1.687503e-02
-1.375002e-02
-1.187502e-02
-1.375002e-02
-1.062502e-02
-1.250002e-02
-1.250002e-02
-1.312502e-02
-1.375002e-02
-1.062502e-02
-1.312502e-02
-1.312502e-02
-1.312502e-02
-1.125002e-02
-1.625003e-02
-1.250002e-02
-9.375015e-03
-1.250002e-02
-1.437502e-02
-1.500002e-02
-1.062502e-02
-1.562502e-02
-5.000008e-03
3.750006e-03
1.187502e-02
2.375004e-02
2.687504e-02
2.812504e-02
2.562504e-02
2.812504e-02
2.062503e-02
8.750014e-03
-6.250010e-03
-2.125003e-02
-2.562504e-02
-2.750004e-02
-2.875004e-02
-2.875004e-02
-2.312504e-02
-1.250002e-02
-1.250002e-03
5.000008e-03
9.375015e-03
8.125013e-03
8.125013e-03
1.062502e-02
1.062502e-02
9.375015e-03
8.750014e-03
1.250002e-02
1.187502e-02
1.187502e-02
1.250002e-02
1.062502e-02
1.375002e-02
1.937503e-02
2.625004e-02
3.000005e-02
3.062505e-02
3.062505e-02
3.125005e-02
3.125005e-02
3.125005e-02
3.187505e-02
3.062505e-02
3.125005e-02
3.312505e-02
3.187505e-02
3.437505e-02
3.250005e-02
2.750004e-02
1.875003e-02
8.125013e-03
-1.250002e-03
-5.000008e-03
-3.750006e-03
-6.875011e-03
-6.250010e-03
-1.187502e-02
-1.750003e-02
-2.187503e-02
-3.187505e-02
-3.187505e-02
-3.437505e-02
-3.562506e-02
-3.125005e-02
-3.125005e-02
-2.437504e-02
-1.687503e-02
-1.187502e-02
-1.062502e-02
-1.187502e-02
-8.750014e-03
-6.875011e-03
-4.375007e-03
6.250010e-03
2.000003e-02
2.750004e-02
3.000005e-02
2.937505e-02
3.062505e-02
3.062505e-02
2.750004e-02
2.375004e-02
1.437502e-02
1.437502e-02
1.437502e-02
1.250002e-02
1.125002e-02
1.000002e-02
1.750003e-02
2.062503e-02
2.625004e-02
3.125005e-02
3.187505e-02
3.062505e-02
3.125005e-02
3.250005e-02
2.750004e-02
2.000003e-02
5.625009e-03
-2.500004e-03
-5.625009e-03
-9.375015e-03
-9.375015e-03
-7.500012e-03
-8.125013e-03
-3.750006e-03
4.375007e-03
8.750014e-03
8.750014e-03
1.000002e-02
1.375002e-02
1.250002e-02
1.125002e-02
1.250002e-02
1.312502e-02
1.000002e-02
1.062502e-02
1.250002e-02
1.062502e-02
9.375015e-03
9.375015e-03
6.250010e-03
1.250002e-03
-3.125005e-03
-8.125013e-03
-1.000002e-02
-1.000002e-02
-8.750014e-03
-9.375015e-03
-2.500004e-03
6.250010e-03
6.250010e-03
8.125013e-03
9.375015e-03
1.062502e-02
1.062502e-02
1.250002e-02
1.250002e-02
1.250002e-02
1.000002e-02
8.750014e-03
1.000002e-02
1.125002e-02
1.062502e-02
6.250010e-03
5.625009e-03
1.250002e-03
-5.625009e-03
-7.500012e-03
-7.500012e-03
-1.187502e-02
-1.000002e-02
-1.250002e-02
-1.875003e-02
-2.312504e-02
-3.187505e-02
-3.250005e-02
-3.250005e-02
-3.125005e-02
-3.250005e-02
-2.125003e-02
-4.375007e-03
1.062502e-02
2.437504e-02
2.562504e-02
2.937505e-02
2.875004e-02
2.812504e-02
2.062503e-02
3.750006e-03
-9.375015e-03
-2.312504e-02
-2.812504e-02
-2.812504e-02
-3.000005e-02
-3.125005e-02
-3.437505e-02
-3.375005e-02
-3.375005e-02
-3.562506e-02
-3.312505e-02
-3.562506e-02
-3.437505e-02
-3.062505e-02
-2.312504e-02
-3.750006e-03
1.187502e-02
1.875003e-02
2.562504e-02
2.750004e-02
2.562504e-02
2.625004e-02
1.687503e-02
6.875011e-03
-8.125013e-03
-2.625004e-02
-2.937505e-02
-3.250005e-02
-3.312505e-02
-2.812504e-02
-2.250004e-02
-1.437502e-02
-2.500004e-03
6.250010e-03
8.125013e-03
8.750014e-03
8.750014e-03
8.750014e-03
3.125005e-03
-3.750006e-03
-1.625003e-02
-2.562504e-02
-2.812504e-02
-3.250005e-02
-3.062505e-02
-3.312505e-02
-3.312505e-02
-3.437505e-02
-3.187505e-02
-3.250005e-02
-3.812506e-02
-3.500005e-02
-3.687506e-02
-3.375005e-02
-2.312504e-02
-8.125013e-03
8.125013e-03
2.000003e-02
2.437504e-02
2.437504e-02
2.562504e-02
2.437504e-02
2.062503e-02
6.250010e-03
-1.062502e-02
-2.125003e-02
-2.937505e-02
-3.375005e-02
-3.125005e-02
-3.375005e-02
-3.750006e-02
-3.187505e-02
-3.187505e-02
-3.375005e-02
-3.250005e-02
-3.250005e-02
-3.437505e-02
-3.500005e-02
-3.125005e-02
-2.687504e-02
-1.937503e-02
-1.500002e-02
-1.500002e-02
-1.562502e-02
-1.437502e-02
-1.312502e-02
-1.250002e-02
-1.125002e-02
-1.250002e-02
-1.375002e-02
-1.250002e-02
-1.250002e-02
-1.437502e-02
-1.187502e-02
-7.500012e-03
1.875003e-03
1.125002e-02
2.062503e-02
2.812504e-02
2.937505e-02
3.000005e-02
3.000005e-02
2.250004e-02
7.500012e-03
-8.125013e-03
-2.000003e-02
-2.625004e-02
-3.125005e-02
-3.187505e-02
-3.125005e-02
-3.437505e-02
-3.437505e-02
-3.062505e-02
-3.250005e-02
-3.625006e-02
-3.562506e-02
-3.687506e-02
-3.125005e-02
-2.187503e-02
-1.000002e-02
8.750014e-03
2.062503e-02
2.500004e-02
2.437504e-02
2.812504e-02
2.875004e-02
2.750004e-02
2.562504e-02
1.875003e-02
1.437502e-02
1.187502e-02
1.125002e-02
1.250002e-02
1.125002e-02
1.437502e-02
2.125003e-02
2.625004e-02
3.000005e-02
3.125005e-02
3.312505e-02
3.125005e-02
3.125005e-02
2.875004e-02
2.062503e-02
1.187502e-02
-3.125005e-03
-6.875011e-03
-5.000008e-03
-7.500012e-03
-1.000002e-02
-1.187502e-02
-1.750003e-02
-2.437504e-02
-2.875004e-02
-3.250005e-02
-3.187505e-02
-3.250005e-02
-3.125005e-02
-2.125003e-02
-4.375007e-03
9.375015e-03
1.875003e-02
2.375004e-02
2.812504e-02
2.812504e-02
2.687504e-02
2.062503e-02
6.875011e-03
-9.375015e-03
-2.250004e-02
-2.500004e-02
-3.000005e-02
-3.062505e-02
-3.062505e-02
-2.687504e-02
-1.437502e-02
-3.750006e-03
5.625009e-03
5.625009e-03
8.125013e-03
9.375015e-03
8.125013e-03
1.000002e-02
9.375015e-03
8.750014e-03
8.125013e-03
8.750014e-03
1.000002e-02
1.125002e-02
1.250002e-02
8.750014e-03
5.000008e-03
1.875003e-03
-5.000008e-03
-6.875011e-03
-9.375015e-03
-1.000002e-02
-8.750014e-03
-7.500012e-03
-6.250010e-04
5.625009e-03
9.375015e-03
1.000002e-02
9.375015e-03
9.375015e-03
7.500012e-03
3.750006e-03
-5.000008e-03
-1.625003e-02
-2.625004e-02
-3.062505e-02
-3.187505e-02
-3.187505e-02
-3.062505e-02
-3.125005e-02
-3.312505e-02
-3.250005e-02
-3.250005e-02
-3.625006e-02
-3.625006e-02
-3.812506e-02
-3.625006e-02
-2.937505e-02
-2.562504e-02
-1.937503e-02
-1.250002e-02
-1.250002e-02
-1.500002e-02
-1.375002e-02
-1.187502e-02
-8.125013e-03
-1.250002e-03
1.500002e-02
2.500004e-02
2.437504e-02
2.687504e-02
2.687504e-02
2.875004e-02
2.375004e-02
8.125013e-03
-6.250010e-03
-2.000003e-02
-2.625004e-02
-2.812504e-02
-2.875004e-02
-3.000005e-02
-3.437505e-02
-3.312505e-02
-3.125005e-02
-3.437505e-02
-3.562506e-02
-3.437505e-02
-3.500005e-02
-3.250005e-02
-2.875004e-02
-2.437504e-02
-1.875003e-02
-1.437502e-02
-1.437502e-02
-1.500002e-02
-1.375002e-02
-1.250002e-02
-4.375007e-03
2.500004e-03
1.437502e-02
2.375004e-02
2.687504e-02
2.687504e-02
2.625004e-02
2.937505e-02
2.312504e-02
1.937503e-02
1.500002e-02
9.375015e-03
1.125002e-02
1.062502e-02
1.062502e-02
1.000002e-02
1.187502e-02
8.750014e-03
6.250010e-04
-4.375007e-03
-6.875011e-03
-6.875011e-03
-8.750014e-03
-1.062502e-02
-1.312502e-02
-1.812503e-02
-2.437504e-02
-3.187505e-02
-3.312505e-02
-3.250005e-02
-3.375005e-02
-2.937505e-02
-2.062503e-02
-5.625009e-03
1.062502e-02
2.500004e-02
2.687504e-02
2.687504e-02
3.187505e-02
3.000005e-02
2.750004e-02
2.437504e-02
1.750003e-02
1.062502e-02
1.062502e-02
1.000002e-02
6.250010e-03
6.250010e-03
5.000008e-03
1.250002e-03
-3.125005e-03
-5.625009e-03
-6.875011e-03
-1.062502e-02
-1.000002e-02
-8.125013e-03
-5.000008e-03
0
1.250002e-03
5.625009e-03
8.750014e-03
5.625009e-03
8.125013e-03
8.750014e-03
4.375007e-03
-6.250010e-04
-1.437502e-02
-2.562504e-02
-2.750004e-02
-3.062505e-02
-3.375005e-02
-3.375005e-02
-2.937505e-02
-1.687503e-02
-5.000008e-03
3.750006e-03
6.250010e-03
7.500012e-03
1.125002e-02
1.000002e-02
4.375007e-03
-5.625009e-03
-1.500002e-02
-2.562504e-02
-3.062505e-02
-3.125005e-02
-3.375005e-02
-3.375005e-02
-2.812504e-02
-1.875003e-02
-5.000008e-03
5.625009e-03
6.250010e-03
8.125013e-03
8.125013e-03
9.375015e-03
3.750006e-03
-2.500004e-03
-1.500002e-02
-2.937505e-02
-3.000005e-02
-3.375005e-02
-3.125005e-02
-3.125005e-02
-3.312505e-02
-3.375005e-02
-3.000005e-02
-3.375005e-02
-3.625006e-02
-3.375005e-02
-3.375005e-02
-3.500005e-02
-3.687506e-02
-2.625004e-02
-2.187503e-02
-1.875003e-02
-1.500002e-02
-1.500002e-02
-1.625003e-02
-1.375002e-02
-1.187502e-02
-1.500002e-02
-9.375015e-03
-1.125002e-02
-1.187502e-02
-1.250002e-02
-1.250002e-02
-1.312502e-02
-1.500002e-02
-1.562502e-02
-1.750003e-02
-1.500002e-02
-1.562502e-02
-1.312502e-02
-1.312502e-02
-1.250002e-02
-1.062502e-02
-1.187502e-02
-1.187502e-02
-1.250002e-02
-1.062502e-02
-1.187502e-02
-1.125002e-02
-8.125013e-03
-1.125002e-02
-1.250002e-02
-1.250002e-02
-1.187502e-02
-1.250002e-02
-1.437502e-02
-1.062502e-02
-1.062502e-02
-8.125013e-03
2.500004e-03
1.437502e-02
2.312504e-02
2.812504e-02
2.750004e-02
2.875004e-02
3.000005e-02
2.687504e-02
2.437504e-02
1.750003e-02
1.500002e-02
1.500002e-02
1.312502e-02
1.250002e-02
1.250002e-02
1.500002e-02
2.062503e-02
2.625004e-02
3.000005e-02
3.000005e-02
3.062505e-02
3.312505e-02
3.187505e-02
3.312505e-02
3.375005e-02
3.250005e-02
3.437505e-02
3.437505e-02
3.437505e-02
3.250005e-02
3.500005e-02
3.375005e-02
3.250005e-02
3.437505e-02
3.500005e-02
3.500005e-02
3.187505e-02
3.312505e-02
3.437505e-02
3.375005e-02
3.250005e-02
3.187505e-02
3.375005e-02
3.437505e-02
3.625006e-02
3.250005e-02
3.187505e-02
3.000005e-02
2.062503e-02
8.750014e-03
-4.375007e-03
-5.000008e-03
-5.000008e-03
-7.500012e-03
-8.125013e-03
-8.125013e-03
-6.250010e-04
3.750006e-03
8.125013e-03
1.250002e-02
1.062502e-02
9.375015e-03
1.187502e-02
1.375002e-02
1.250002e-02
1.125002e-02
1.125002e-02
1.062502e-02
1.312502e-02
1.250002e-02
1.125002e-02
1.687503e-02
2.062503e-02
2.562504e-02
3.125005e-02
3.062505e-02
3.187505e-02
3.125005e-02
3.000005e-02
3.187505e-02
3.125005e-02
3.250005e-02
3.312505e-02
3.375005e-02
3.375005e-02
3.187505e-02
3.687506e-02
3.562506e-02
3.437505e-02
3.562506e-02
3.375005e-02
3.437505e-02
